4.88554032592
9.50080308137
11.0016003255
9.92757451708
5.66524040774
5.79863221172
5.0018559003
5.26277936219
5.63244646394
5.44045337831
5.25003658766
5.24968055383
4.53612308204
5.52736268669
5.03616531957
5.77113165046
5.13730906793
4.54757760368
4.82868235081
5.41325787969
5.77970865706
5.81935560864
5.82523685914
4.12068089417
6.29510044164
5.41027820943
5.80247256785
11.7330054685
5.13506689304
5.10104130058
5.65687780898
5.72192511651
6.7467387317
5.32247335281
3.86222028234
6.08210020244
5.73092353598
11.6481168453
4.69722508504
5.03687899958
4.01443998166
10.2182205968
5.77263398893
6.02246174957
5.67206238206
4.97375637314
6.92011734883
5.51268921453
5.79419879378
4.01384407272
5.7711257941
5.91688735321
4.84872129266
5.54806605942
11.5011455284
11.5458416895
11.5123441921
11.5608712522
11.5577095908
11.5596641264
2.99619276685
5.98377352888
2.43307425407
2.40064336175
2.48866953753
2.72578215544
2.00099306611
201.620522991
132.684378211
337.38243651
686.709998543
654.111470862
248.047847471
509.251993465
585.769720307
267.107849068
605.697136941
